{"dims": ["sfr_eff", "uox_eff", "bias", "lwr_fr", "fr_fr", "fr_start", "excess", "max_excess", "waste_U", "waste_Np", "waste_Pu", "waste_Am", "waste_Cm"], "tiles": {"bias/waste_Np": {"tile": [[0.025391304347826087, 0.0, 8.695652173913044e-05, 0.025217391304347827, 0.027217391304347825, 0.02382608695652174, 0.0, 0.0, 0.0, 0.0], [0.022347826086956523, 0.0, 0.0, 0.024782608695652172, 0.00982608695652174, 0.03921739130434783, 8.695652173913044e-05, 0.0, 0.0, 0.0], [0.010869565217391304, 0.012521739130434783, 0.0, 0.0020869565217391303, 0.02417391304347826, 0.025565217391304348, 0.025565217391304348, 0.0, 0.0, 0.0], [0.0, 0.026, 0.0, 0.0, 0.024, 0.012956521739130434, 0.033565217391304344, 0.0, 0.0, 0.0], [0.0, 0.023391304347826086, 0.001217391304347826, 0.0, 0.007304347826086957, 0.01617391304347826, 0.02791304347826087, 0.02373913043478261, 0.0, 0.0], [0.0, 0.000782608695652174, 0.02365217391304348, 0.0, 0.0, 0.023043478260869565, 0.012956521739130434, 0.0391304347826087, 0.0, 0.0], [0.0, 0.0, 0.02434782608695652, 0.0, 0.0, 0.011565217391304347, 0.01417391304347826, 0.026695652173913044, 0.022608695652173914, 0.0], [0.0, 0.0, 0.01408695652173913, 0.012434782608695653, 0.0, 0.0, 0.02373913043478261, 0.01634782608695652, 0.033565217391304344, 0.0], [0.0, 0.0, 0.0, 0.02382608695652174, 0.0, 0.0, 0.01617391304347826, 0.007739130434782609, 0.02808695652173913, 0.02617391304347826], [0.0, 0.0, 0.0, 0.02608695652173913, 0.0005217391304347826, 0.0, 0.0, 0.024, 0.02026086956521739, 0.03295652173913043]], "dim": ["bias", "waste_Np"], "mark": [[-0.09998778402266416, -0.07999182786091011, -0.05999587169915607, -0.03999991553740203, -0.020003959375647987, -8.003213893950645e-06, 0.0199879529478601, 0.03998390910961415, 0.059979865271368185, 0.07997582143312222, 0.09997177759487627], [126532.47266312475, 133743.73961798323, 140955.00657284172, 148166.27352770022, 155377.5404825587, 162588.80743741718, 169800.07439227565, 177011.34134713415, 184222.60830199264, 191433.87525685114, 198645.1422117096]]}, "sfr_eff/uox_eff": {"tile": [[0.11017391304347826, 0.0, 0.0, 0.0, 0.0, 0.0, 0.0, 0.0, 0.0, 0.22495652173913044], [0.0, 0.0, 0.0, 0.0, 0.0, 0.0, 0.0, 0.0, 0.0, 0.0], [0.0, 0.0, 0.0, 0.0, 0.0, 0.0, 0.0, 0.0, 0.0, 0.0], [0.0, 0.0, 0.0, 0.0, 0.0, 0.0, 0.0, 0.0, 0.0, 0.0], [0.0, 0.0, 0.0, 0.0, 0.0, 0.0, 0.0, 0.0, 0.0, 0.0], [0.0, 0.0, 0.0, 0.0, 0.0, 0.0, 0.0, 0.0, 0.0, 0.0], [0.0, 0.0, 0.0, 0.0, 0.0, 0.0, 0.0, 0.0, 0.0, 0.0], [0.0, 0.0, 0.0, 0.0, 0.0, 0.0, 0.0, 0.0, 0.0, 0.0], [0.0, 0.0, 0.0, 0.0, 0.0, 0.0, 0.0, 0.0, 0.0, 0.0], [0.22295652173913044, 0.0, 0.0, 0.0, 0.0, 0.0, 0.0, 0.0, 0.0, 0.4419130434782609]], "dim": ["sfr_eff", "uox_eff"], "mark": [[0.9, 0.9099, 0.9198000000000001, 0.9297, 0.9396, 0.9495, 0.9594, 0.9693, 0.9792, 0.9891, 0.999], [0.9, 0.9099, 0.9198000000000001, 0.9297, 0.9396, 0.9495, 0.9594, 0.9693, 0.9792, 0.9891, 0.999]]}, "uox_eff/waste_Pu": {"tile": [[0.0, 0.0, 0.09956521739130435, 0.12339130434782608, 0.010521739130434783, 0.03782608695652174, 0.026260869565217393, 0.007043478260869565, 0.013043478260869565, 0.015478260869565217], [0.0, 0.0, 0.0, 0.0, 0.0, 0.0, 0.0, 0.0, 0.0, 0.0], [0.0, 0.0, 0.0, 0.0, 0.0, 0.0, 0.0, 0.0, 0.0, 0.0], [0.0, 0.0, 0.0, 0.0, 0.0, 0.0, 0.0, 0.0, 0.0, 0.0], [0.0, 0.0, 0.0, 0.0, 0.0, 0.0, 0.0, 0.0, 0.0, 0.0], [0.0, 0.0, 0.0, 0.0, 0.0, 0.0, 0.0, 0.0, 0.0, 0.0], [0.0, 0.0, 0.0, 0.0, 0.0, 0.0, 0.0, 0.0, 0.0, 0.0], [0.0, 0.0, 0.0, 0.0, 0.0, 0.0, 0.0, 0.0, 0.0, 0.0], [0.0, 0.0, 0.0, 0.0, 0.0, 0.0, 0.0, 0.0, 0.0, 0.0], [0.4419130434782609, 0.010869565217391304, 0.09069565217391304, 0.04208695652173913, 0.025304347826086957, 0.0009565217391304348, 0.038, 0.017043478260869566, 0.0, 0.0]], "dim": ["uox_eff", "waste_Pu"], "mark": [[0.9, 0.9099, 0.9198000000000001, 0.9297, 0.9396, 0.9495, 0.9594, 0.9693, 0.9792, 0.9891, 0.999], [5283.724347410321, 118985.72190806734, 232687.71946872436, 346389.71702938137, 460091.7145900384, 573793.7121506955, 687495.7097113525, 801197.7072720096, 914899.7048326666, 1028601.7023933235, 1142303.6999539805]]}, "uox_eff/excess": {"tile": [[0.03191304347826087, 0.033391304347826084, 0.03373913043478261, 0.03173913043478261, 0.03269565217391304, 0.030347826086956523, 0.03373913043478261, 0.036, 0.035478260869565216, 0.03408695652173913], [0.0, 0.0, 0.0, 0.0, 0.0, 0.0, 0.0, 0.0, 0.0, 0.0], [0.0, 0.0, 0.0, 0.0, 0.0, 0.0, 0.0, 0.0, 0.0, 0.0], [0.0, 0.0, 0.0, 0.0, 0.0, 0.0, 0.0, 0.0, 0.0, 0.0], [0.0, 0.0, 0.0, 0.0, 0.0, 0.0, 0.0, 0.0, 0.0, 0.0], [0.0, 0.0, 0.0, 0.0, 0.0, 0.0, 0.0, 0.0, 0.0, 0.0], [0.0, 0.0, 0.0, 0.0, 0.0, 0.0, 0.0, 0.0, 0.0, 0.0], [0.0, 0.0, 0.0, 0.0, 0.0, 0.0, 0.0, 0.0, 0.0, 0.0], [0.0, 0.0, 0.0, 0.0, 0.0, 0.0, 0.0, 0.0, 0.0, 0.0], [0.0631304347826087, 0.06530434782608696, 0.06826086956521739, 0.06713043478260869, 0.06678260869565217, 0.06765217391304348, 0.068, 0.06547826086956522, 0.06895652173913043, 0.06617391304347826]], "dim": ["uox_eff", "excess"], "mark": [[0.9, 0.9099, 0.9198000000000001, 0.9297, 0.9396, 0.9495, 0.9594, 0.9693, 0.9792, 0.9891, 0.999], [-2574907.325397825, -2237702.325397825, -1900497.3253978249, -1563292.3253978249, -1226087.3253978249, -888882.3253978249, -551677.3253978249, -214472.32539782487, 122732.67460217513, 459937.67460217513, 797142.6746021751]]}, "uox_eff/max_excess": {"tile": [[0.256, 0.010956521739130434, 0.008782608695652174, 0.009478260869565217, 0.008608695652173913, 0.008956521739130434, 0.00791304347826087, 0.009304347826086957, 0.009043478260869564, 0.00408695652173913], [0.0, 0.0, 0.0, 0.0, 0.0, 0.0, 0.0, 0.0, 0.0, 0.0], [0.0, 0.0, 0.0, 0.0, 0.0, 0.0, 0.0, 0.0, 0.0, 0.0], [0.0, 0.0, 0.0, 0.0, 0.0, 0.0, 0.0, 0.0, 0.0, 0.0], [0.0, 0.0, 0.0, 0.0, 0.0, 0.0, 0.0, 0.0, 0.0, 0.0], [0.0, 0.0, 0.0, 0.0, 0.0, 0.0, 0.0, 0.0, 0.0, 0.0], [0.0, 0.0, 0.0, 0.0, 0.0, 0.0, 0.0, 0.0, 0.0, 0.0], [0.0, 0.0, 0.0, 0.0, 0.0, 0.0, 0.0, 0.0, 0.0, 0.0], [0.0, 0.0, 0.0, 0.0, 0.0, 0.0, 0.0, 0.0, 0.0, 0.0], [0.5171304347826087, 0.021304347826086957, 0.016869565217391306, 0.018347826086956523, 0.01626086956521739, 0.017478260869565217, 0.016956521739130436, 0.017478260869565217, 0.017826086956521738, 0.007217391304347826]], "dim": ["uox_eff", "max_excess"], "mark": [[0.9, 0.9099, 0.9198000000000001, 0.9297, 0.9396, 0.9495, 0.9594, 0.9693, 0.9792, 0.9891, 0.999], [0.0, 1586.733963736065, 3173.46792747213, 4760.201891208195, 6346.93585494426, 7933.669818680326, 9520.40378241639, 11107.137746152455, 12693.87170988852, 14280.605673624586, 15867.339637360652]]}, "fr_start/waste_Pu": {"tile": [[0.04556521739130435, 0.0010434782608695651, 0.02034782608695652, 0.01617391304347826, 0.00408695652173913, 0.004, 0.006347826086956522, 0.0026086956521739132, 0.0017391304347826088, 0.0017391304347826088], [0.04704347826086957, 0.0010434782608695651, 0.019043478260869565, 0.017565217391304348, 0.0034782608695652175, 0.0036521739130434784, 0.005478260869565217, 0.002173913043478261, 0.0008695652173913044, 0.001565217391304348], [0.04226086956521739, 0.0011304347826086956, 0.01634782608695652, 0.017652173913043478, 0.0034782608695652175, 0.003391304347826087, 0.0061739130434782605, 0.0026956521739130435, 0.0014782608695652175, 0.0016521739130434783], [0.03991304347826087, 0.0011304347826086956, 0.018173913043478263, 0.01573913043478261, 0.0033043478260869567, 0.004347826086956522, 0.006869565217391304, 0.0026086956521739132, 0.0016521739130434783, 0.001565217391304348], [0.042608695652173914, 0.0009565217391304348, 0.01808695652173913, 0.01608695652173913, 0.0041739130434782605, 0.003217391304347826, 0.006521739130434782, 0.002434782608695652, 0.0010434782608695651, 0.002], [0.043478260869565216, 0.001217391304347826, 0.02182608695652174, 0.015478260869565217, 0.0033043478260869567, 0.00391304347826087, 0.006869565217391304, 0.002260869565217391, 0.001391304347826087, 0.001565217391304348], [0.04582608695652174, 0.000782608695652174, 0.02008695652173913, 0.017391304347826087, 0.003391304347826087, 0.004347826086956522, 0.0071304347826086955, 0.002173913043478261, 0.0009565217391304348, 0.001217391304347826], [0.042956521739130435, 0.0009565217391304348, 0.01991304347826087, 0.01608695652173913, 0.002956521739130435, 0.004, 0.006347826086956522, 0.002434782608695652, 0.001391304347826087, 0.0018260869565217392], [0.04730434782608696, 0.0013043478260869566, 0.018, 0.016956521739130436, 0.004, 0.004956521739130435, 0.0066956521739130435, 0.002, 0.0013043478260869566, 0.0010434782608695651], [0.04495652173913044, 0.0013043478260869566, 0.018434782608695653, 0.01634782608695652, 0.0036521739130434784, 0.002956521739130435, 0.005826086956521739, 0.0026956521739130435, 0.001217391304347826, 0.0013043478260869566]], "dim": ["fr_start", "waste_Pu"], "mark": [[20.0, 21.9, 23.8, 25.7, 27.6, 29.5, 31.4, 33.3, 35.2, 37.099999999999994, 39.0], [5283.724347410321, 118985.72190806734, 232687.71946872436, 346389.71702938137, 460091.7145900384, 573793.7121506955, 687495.7097113525, 801197.7072720096, 914899.7048326666, 1028601.7023933235, 1142303.6999539805]]}, "fr_fr/waste_Pu": {"tile": [[0.088, 0.001565217391304348, 0.03843478260869565, 0.030956521739130435, 0.007565217391304348, 0.0071304347826086955, 0.011478260869565217, 0.005304347826086957, 0.0020869565217391303, 0.0041739130434782605], [0.0, 0.0, 0.0, 0.0, 0.0, 0.0, 0.0, 0.0, 0.0, 0.0], [0.08973913043478261, 0.002260869565217391, 0.03860869565217391, 0.035043478260869565, 0.008782608695652174, 0.006260869565217392, 0.012260869565217391, 0.004869565217391304, 0.002260869565217391, 0.002956521739130435], [0.0, 0.0, 0.0, 0.0, 0.0, 0.0, 0.0, 0.0, 0.0, 0.0], [0.0, 0.0, 0.0, 0.0, 0.0, 0.0, 0.0, 0.0, 0.0, 0.0], [0.08643478260869565, 0.002173913043478261, 0.03704347826086957, 0.03391304347826087, 0.007478260869565217, 0.009043478260869564, 0.012956521739130434, 0.005391304347826087, 0.002260869565217391, 0.0026086956521739132], [0.0, 0.0, 0.0, 0.0, 0.0, 0.0, 0.0, 0.0, 0.0, 0.0], [0.08826086956521739, 0.002434782608695652, 0.03930434782608696, 0.034, 0.006347826086956522, 0.008956521739130434, 0.014956521739130434, 0.004434782608695652, 0.0028695652173913043, 0.0025217391304347826], [0.0, 0.0, 0.0, 0.0, 0.0, 0.0, 0.0, 0.0, 0.0, 0.0], [0.08947826086956522, 0.002434782608695652, 0.036869565217391306, 0.03156521739130435, 0.005652173913043478, 0.007391304347826087, 0.012608695652173913, 0.00408695652173913, 0.0035652173913043477, 0.003217391304347826]], "dim": ["fr_fr", "waste_Pu"], "mark": [[10.0, 10.4, 10.8, 11.2, 11.6, 12.0, 12.4, 12.8, 13.2, 13.6, 14.0], [5283.724347410321, 118985.72190806734, 232687.71946872436, 346389.71702938137, 460091.7145900384, 573793.7121506955, 687495.7097113525, 801197.7072720096, 914899.7048326666, 1028601.7023933235, 1142303.6999539805]]}, "fr_fr/excess": {"tile": [[0.01973913043478261, 0.018347826086956523, 0.020695652173913042, 0.01791304347826087, 0.01956521739130435, 0.02208695652173913, 0.018521739130434783, 0.018434782608695653, 0.02043478260869565, 0.020956521739130436], [0.0, 0.0, 0.0, 0.0, 0.0, 0.0, 0.0, 0.0, 0.0, 0.0], [0.01973913043478261, 0.01991304347826087, 0.021565217391304348, 0.02026086956521739, 0.01991304347826087, 0.019043478260869565, 0.020782608695652172, 0.02026086956521739, 0.021217391304347827, 0.02034782608695652], [0.0, 0.0, 0.0, 0.0, 0.0, 0.0, 0.0, 0.0, 0.0, 0.0], [0.0, 0.0, 0.0, 0.0, 0.0, 0.0, 0.0, 0.0, 0.0, 0.0], [0.017652173913043478, 0.01965217391304348, 0.020608695652173912, 0.02026086956521739, 0.02034782608695652, 0.018869565217391304, 0.01965217391304348, 0.01956521739130435, 0.022782608695652174, 0.01991304347826087], [0.0, 0.0, 0.0, 0.0, 0.0, 0.0, 0.0, 0.0, 0.0, 0.0], [0.02, 0.020608695652173912, 0.019304347826086955, 0.01982608695652174, 0.018956521739130434, 0.018608695652173914, 0.02208695652173913, 0.022782608695652174, 0.021739130434782608, 0.02017391304347826], [0.0, 0.0, 0.0, 0.0, 0.0, 0.0, 0.0, 0.0, 0.0, 0.0], [0.01791304347826087, 0.02017391304347826, 0.01982608695652174, 0.020608695652173912, 0.020695652173913042, 0.019391304347826085, 0.020695652173913042, 0.02043478260869565, 0.018260869565217393, 0.018869565217391304]], "dim": ["fr_fr", "excess"], "mark": [[10.0, 10.4, 10.8, 11.2, 11.6, 12.0, 12.4, 12.8, 13.2, 13.6, 14.0], [-2574907.325397825, -2237702.325397825, -1900497.3253978249, -1563292.3253978249, -1226087.3253978249, -888882.3253978249, -551677.3253978249, -214472.32539782487, 122732.67460217513, 459937.67460217513, 797142.6746021751]]}, "max_excess/waste_Np": {"tile": [[0.058608695652173914, 0.06269565217391304, 0.06304347826086956, 0.05808695652173913, 0.09252173913043478, 0.15234782608695652, 0.13330434782608697, 0.10591304347826087, 0.04660869565217391, 0.0], [0.0, 0.0, 0.00034782608695652176, 0.009391304347826087, 0.0, 0.0, 0.008695652173913044, 0.0, 0.013217391304347827, 0.000608695652173913], [0.0, 0.0, 0.0, 0.007391304347826087, 0.0, 0.0, 0.005304347826086957, 0.0, 0.006869565217391304, 0.00608695652173913], [0.0, 0.0, 0.0, 0.0052173913043478265, 0.0, 0.0, 0.005565217391304348, 0.001391304347826087, 0.006260869565217392, 0.009391304347826087], [0.0, 0.0, 0.0, 0.0046956521739130435, 0.0, 0.0, 0.0013043478260869566, 0.0033043478260869567, 0.007739130434782609, 0.00782608695652174], [0.0, 0.0, 0.0, 0.008434782608695653, 0.0, 0.0, 0.0, 0.006956521739130435, 0.00608695652173913, 0.004956521739130435], [0.0, 0.0, 0.0, 0.006782608695652174, 0.0, 0.0, 0.0, 0.0052173913043478265, 0.00591304347826087, 0.006956521739130435], [0.0, 0.0, 0.0, 0.007304347826086957, 0.0, 0.0, 0.0, 0.005739130434782609, 0.006434782608695652, 0.007304347826086957], [0.0, 0.0, 0.0, 0.005391304347826087, 0.00034782608695652176, 0.0, 0.0, 0.0076521739130434785, 0.004869565217391304, 0.008608695652173913], [0.0, 0.0, 0.0, 0.0017391304347826088, 0.00017391304347826088, 0.0, 0.0, 0.0014782608695652175, 0.0005217391304347826, 0.007391304347826087]], "dim": ["max_excess", "waste_Np"], "mark": [[0.0, 1586.733963736065, 3173.46792747213, 4760.201891208195, 6346.93585494426, 7933.669818680326, 9520.40378241639, 11107.137746152455, 12693.87170988852, 14280.605673624586, 15867.339637360652], [126532.47266312475, 133743.73961798323, 140955.00657284172, 148166.27352770022, 155377.5404825587, 162588.80743741718, 169800.07439227565, 177011.34134713415, 184222.60830199264, 191433.87525685114, 198645.1422117096]]}, "fr_start/waste_Am": {"tile": [[0.009739130434782608, 0.013565217391304348, 0.021130434782608697, 0.018347826086956523, 0.008956521739130434, 0.00991304347826087, 0.006608695652173913, 0.004956521739130435, 0.005478260869565217, 0.004956521739130435], [0.00826086956521739, 0.01391304347826087, 0.019391304347826085, 0.017478260869565217, 0.010608695652173913, 0.00991304347826087, 0.0066956521739130435, 0.005478260869565217, 0.005304347826086957, 0.004869565217391304], [0.00826086956521739, 0.011652173913043478, 0.01617391304347826, 0.017217391304347827, 0.010347826086956521, 0.011217391304347827, 0.005565217391304348, 0.004260869565217392, 0.005130434782608695, 0.006434782608695652], [0.006260869565217392, 0.012347826086956521, 0.016782608695652172, 0.017217391304347827, 0.012, 0.010869565217391304, 0.00608695652173913, 0.004260869565217392, 0.005652173913043478, 0.0038260869565217392], [0.00817391304347826, 0.011739130434782608, 0.02034782608695652, 0.014869565217391304, 0.010347826086956521, 0.011043478260869564, 0.005304347826086957, 0.004956521739130435, 0.005739130434782609, 0.004608695652173913], [0.00817391304347826, 0.013043478260869565, 0.020695652173913042, 0.017565217391304348, 0.009304347826086957, 0.009391304347826087, 0.007391304347826087, 0.0046956521739130435, 0.0052173913043478265, 0.005826086956521739], [0.009043478260869564, 0.01408695652173913, 0.019391304347826085, 0.017043478260869566, 0.011043478260869564, 0.010956521739130434, 0.006, 0.005826086956521739, 0.005478260869565217, 0.004434782608695652], [0.00782608695652174, 0.014434782608695651, 0.018695652173913044, 0.019478260869565216, 0.008782608695652174, 0.009739130434782608, 0.0052173913043478265, 0.005739130434782609, 0.005043478260869565, 0.00391304347826087], [0.010608695652173913, 0.014782608695652174, 0.019043478260869565, 0.01991304347826087, 0.009565217391304347, 0.009478260869565217, 0.006434782608695652, 0.005130434782608695, 0.004434782608695652, 0.0041739130434782605], [0.008608695652173913, 0.011565217391304347, 0.01965217391304348, 0.019391304347826085, 0.00982608695652174, 0.009739130434782608, 0.006, 0.004956521739130435, 0.005304347826086957, 0.0036521739130434784]], "dim": ["fr_start", "waste_Am"], "mark": [[20.0, 21.9, 23.8, 25.7, 27.6, 29.5, 31.4, 33.3, 35.2, 37.099999999999994, 39.0], [89442.4469437142, 94773.28873150886, 100104.13051930352, 105434.97230709819, 110765.81409489283, 116096.6558826875, 121427.49767048216, 126758.33945827681, 132089.18124607147, 137420.02303386613, 142750.8648216608]]}, "excess/waste_Np": {"tile": [[0.026, 0.0, 8.695652173913044e-05, 0.02391304347826087, 0.02426086956521739, 0.020782608695652172, 0.0, 0.0, 0.0, 0.0], [0.023043478260869565, 0.0, 0.0, 0.025391304347826087, 0.012608695652173913, 0.03765217391304348, 0.0, 0.0, 0.0, 0.0], [0.009565217391304347, 0.014608695652173913, 0.0, 0.002782608695652174, 0.02426086956521739, 0.02782608695652174, 0.022956521739130435, 0.0, 0.0, 0.0], [0.0, 0.025391304347826087, 0.0, 0.0, 0.02408695652173913, 0.015304347826086957, 0.03408695652173913, 0.0, 0.0, 0.0], [0.0, 0.022434782608695653, 0.002260869565217391, 0.0, 0.007304347826086957, 0.016, 0.029130434782608697, 0.022347826086956523, 0.0, 0.0], [0.0, 0.0002608695652173913, 0.024695652173913042, 0.0, 0.0, 0.022956521739130435, 0.01391304347826087, 0.03617391304347826, 0.0, 0.0], [0.0, 0.0, 0.025217391304347827, 0.0, 0.0, 0.01182608695652174, 0.01408695652173913, 0.029565217391304348, 0.021043478260869566, 0.0], [0.0, 0.0, 0.011130434782608696, 0.015304347826086957, 0.0, 0.0, 0.02443478260869565, 0.017826086956521738, 0.03278260869565217, 0.0], [0.0, 0.0, 0.0, 0.024956521739130436, 0.0, 0.0, 0.015565217391304348, 0.00817391304347826, 0.03017391304347826, 0.025565217391304348], [0.0, 0.0, 0.0, 0.02208695652173913, 0.0005217391304347826, 0.0, 0.0, 0.02356521739130435, 0.02052173913043478, 0.033565217391304344]], "dim": ["excess", "waste_Np"], "mark": [[-2574907.325397825, -2237702.325397825, -1900497.3253978249, -1563292.3253978249, -1226087.3253978249, -888882.3253978249, -551677.3253978249, -214472.32539782487, 122732.67460217513, 459937.67460217513, 797142.6746021751], [126532.47266312475, 133743.73961798323, 140955.00657284172, 148166.27352770022, 155377.5404825587, 162588.80743741718, 169800.07439227565, 177011.34134713415, 184222.60830199264, 191433.87525685114, 198645.1422117096]]}, "fr_start/waste_Cm": {"tile": [[0.006869565217391304, 0.005739130434782609, 0.007304347826086957, 0.01191304347826087, 0.010869565217391304, 0.01626086956521739, 0.016, 0.013130434782608696, 0.01017391304347826, 0.005391304347826087], [0.006260869565217392, 0.006260869565217392, 0.0071304347826086955, 0.010347826086956521, 0.010521739130434783, 0.015565217391304348, 0.014956521739130434, 0.012956521739130434, 0.01182608695652174, 0.00608695652173913], [0.006608695652173913, 0.005478260869565217, 0.006, 0.012782608695652174, 0.00991304347826087, 0.013043478260869565, 0.014521739130434783, 0.012434782608695653, 0.00982608695652174, 0.005652173913043478], [0.005652173913043478, 0.005826086956521739, 0.005826086956521739, 0.011304347826086957, 0.008521739130434783, 0.015043478260869565, 0.015043478260869565, 0.012260869565217391, 0.011043478260869564, 0.004782608695652174], [0.006347826086956522, 0.00608695652173913, 0.006608695652173913, 0.010956521739130434, 0.008608695652173913, 0.01591304347826087, 0.01573913043478261, 0.01191304347826087, 0.01026086956521739, 0.0046956521739130435], [0.005304347826086957, 0.0076521739130434785, 0.005652173913043478, 0.013130434782608696, 0.007739130434782609, 0.015478260869565217, 0.015391304347826087, 0.014695652173913044, 0.009739130434782608, 0.006521739130434782], [0.00608695652173913, 0.006521739130434782, 0.0066956521739130435, 0.011391304347826087, 0.009217391304347827, 0.015304347826086957, 0.016695652173913042, 0.01408695652173913, 0.011652173913043478, 0.005652173913043478], [0.005478260869565217, 0.005739130434782609, 0.006521739130434782, 0.010782608695652174, 0.009391304347826087, 0.014608695652173913, 0.01643478260869565, 0.014260869565217391, 0.009304347826086957, 0.006347826086956522], [0.0046956521739130435, 0.007565217391304348, 0.005304347826086957, 0.010695652173913044, 0.009478260869565217, 0.017217391304347827, 0.014608695652173913, 0.01591304347826087, 0.011130434782608696, 0.006956521739130435], [0.005304347826086957, 0.005826086956521739, 0.006347826086956522, 0.011130434782608696, 0.008782608695652174, 0.01391304347826087, 0.014782608695652174, 0.016, 0.009565217391304347, 0.007043478260869565]], "dim": ["fr_start", "waste_Cm"], "mark": [[20.0, 21.9, 23.8, 25.7, 27.6, 29.5, 31.4, 33.3, 35.2, 37.099999999999994, 39.0], [24665.399981882754, 26071.116475634324, 27476.832969385898, 28882.549463137468, 30288.265956889038, 31693.982450640608, 33099.69894439218, 34505.415438143755, 35911.131931895325, 37316.848425646895, 38722.564919398465]]}, "max_excess/waste_Am": {"tile": [[0.08495652173913043, 0.1311304347826087, 0.1865217391304348, 0.10834782608695652, 0.058695652173913045, 0.059217391304347826, 0.05173913043478261, 0.05026086956521739, 0.04226086956521739, 0.0], [0.0, 0.0, 0.004434782608695652, 0.009391304347826087, 0.0, 0.008695652173913044, 0.0, 0.0, 0.008608695652173913, 0.0011304347826086956], [0.0, 0.0, 0.00034782608695652176, 0.01191304347826087, 0.0006956521739130435, 0.005304347826086957, 0.0, 0.0, 0.0018260869565217392, 0.005565217391304348], [0.0, 0.0, 0.0, 0.01191304347826087, 0.0037391304347826086, 0.006956521739130435, 0.0, 0.0, 8.695652173913044e-05, 0.005130434782608695], [0.0, 0.0, 0.0, 0.00791304347826087, 0.0076521739130434785, 0.004608695652173913, 0.0, 0.0, 0.0, 0.0046956521739130435], [0.0, 0.0, 0.0, 0.004956521739130435, 0.00608695652173913, 0.006956521739130435, 0.0, 0.0, 0.0, 0.008434782608695653], [0.0, 0.0, 0.0, 0.006956521739130435, 0.00591304347826087, 0.005043478260869565, 0.00017391304347826088, 0.0, 0.0, 0.006782608695652174], [0.0, 0.0, 0.0, 0.007304347826086957, 0.006434782608695652, 0.004347826086956522, 0.001391304347826087, 0.0, 0.0, 0.007304347826086957], [0.0, 0.0, 0.0, 0.00591304347826087, 0.007565217391304348, 0.0011304347826086956, 0.006521739130434782, 0.0, 0.0, 0.005739130434782609], [0.0, 0.0, 0.0, 0.00391304347826087, 0.004, 0.0, 0.0014782608695652175, 0.0, 0.0, 0.0019130434782608696]], "dim": ["max_excess", "waste_Am"], "mark": [[0.0, 1586.733963736065, 3173.46792747213, 4760.201891208195, 6346.93585494426, 7933.669818680326, 9520.40378241639, 11107.137746152455, 12693.87170988852, 14280.605673624586, 15867.339637360652], [89442.4469437142, 94773.28873150886, 100104.13051930352, 105434.97230709819, 110765.81409489283, 116096.6558826875, 121427.49767048216, 126758.33945827681, 132089.18124607147, 137420.02303386613, 142750.8648216608]]}, "excess/waste_Cm": {"tile": [[0.026, 0.0, 8.695652173913044e-05, 0.02391304347826087, 0.02426086956521739, 0.020782608695652172, 0.0, 0.0, 0.0, 0.0], [0.023043478260869565, 0.0, 0.0, 0.025391304347826087, 0.012608695652173913, 0.03765217391304348, 0.0, 0.0, 0.0, 0.0], [0.009565217391304347, 0.014608695652173913, 0.0, 0.002782608695652174, 0.02426086956521739, 0.02782608695652174, 0.022956521739130435, 0.0, 0.0, 0.0], [0.0, 0.025391304347826087, 0.0, 0.0, 0.02408695652173913, 0.015304347826086957, 0.03408695652173913, 0.0, 0.0, 0.0], [0.0, 0.022434782608695653, 0.002260869565217391, 0.0, 0.007304347826086957, 0.016, 0.029130434782608697, 0.022347826086956523, 0.0, 0.0], [0.0, 0.0002608695652173913, 0.024695652173913042, 0.0, 0.0, 0.022956521739130435, 0.01391304347826087, 0.03617391304347826, 0.0, 0.0], [0.0, 0.0, 0.025217391304347827, 0.0, 0.0, 0.01182608695652174, 0.01408695652173913, 0.029565217391304348, 0.021043478260869566, 0.0], [0.0, 0.0, 0.011130434782608696, 0.015304347826086957, 0.0, 0.0, 0.02443478260869565, 0.017826086956521738, 0.03278260869565217, 0.0], [0.0, 0.0, 0.0, 0.024956521739130436, 0.0, 0.0, 0.015565217391304348, 0.00817391304347826, 0.03017391304347826, 0.025565217391304348], [0.0, 0.0, 0.0, 0.02208695652173913, 0.0005217391304347826, 0.0, 0.0, 0.02356521739130435, 0.02052173913043478, 0.033565217391304344]], "dim": ["excess", "waste_Cm"], "mark": [[-2574907.325397825, -2237702.325397825, -1900497.3253978249, -1563292.3253978249, -1226087.3253978249, -888882.3253978249, -551677.3253978249, -214472.32539782487, 122732.67460217513, 459937.67460217513, 797142.6746021751], [24665.399981882754, 26071.116475634324, 27476.832969385898, 28882.549463137468, 30288.265956889038, 31693.982450640608, 33099.69894439218, 34505.415438143755, 35911.131931895325, 37316.848425646895, 38722.564919398465]]}, "fr_fr/fr_start": {"tile": [[0.02034782608695652, 0.02043478260869565, 0.018, 0.018521739130434783, 0.018260869565217393, 0.022869565217391304, 0.021130434782608697, 0.018608695652173914, 0.018782608695652174, 0.01973913043478261], [0.0, 0.0, 0.0, 0.0, 0.0, 0.0, 0.0, 0.0, 0.0, 0.0], [0.021565217391304348, 0.021304347826086957, 0.019217391304347825, 0.018695652173913044, 0.018608695652173914, 0.01973913043478261, 0.02365217391304348, 0.019478260869565216, 0.020608695652173912, 0.02017391304347826], [0.0, 0.0, 0.0, 0.0, 0.0, 0.0, 0.0, 0.0, 0.0, 0.0], [0.0, 0.0, 0.0, 0.0, 0.0, 0.0, 0.0, 0.0, 0.0, 0.0], [0.021043478260869566, 0.018869565217391304, 0.019043478260869565, 0.019478260869565216, 0.020956521739130436, 0.018608695652173914, 0.01991304347826087, 0.02043478260869565, 0.021478260869565217, 0.019478260869565216], [0.0, 0.0, 0.0, 0.0, 0.0, 0.0, 0.0, 0.0, 0.0, 0.0], [0.020782608695652172, 0.020695652173913042, 0.01973913043478261, 0.017652173913043478, 0.02, 0.019478260869565216, 0.02008695652173913, 0.020608695652173912, 0.023130434782608695, 0.02191304347826087], [0.0, 0.0, 0.0, 0.0, 0.0, 0.0, 0.0, 0.0, 0.0, 0.0], [0.01991304347826087, 0.020608695652173912, 0.02026086956521739, 0.020956521739130436, 0.019304347826086955, 0.020608695652173912, 0.018521739130434783, 0.01973913043478261, 0.01956521739130435, 0.017391304347826087]], "dim": ["fr_fr", "fr_start"], "mark": [[10.0, 10.4, 10.8, 11.2, 11.6, 12.0, 12.4, 12.8, 13.2, 13.6, 14.0], [20.0, 21.9, 23.8, 25.7, 27.6, 29.5, 31.4, 33.3, 35.2, 37.099999999999994, 39.0]]}, "excess/waste_Am": {"tile": [[0.03939130434782609, 0.006869565217391304, 0.022782608695652174, 0.0, 8.695652173913044e-05, 0.02591304347826087, 0.0, 0.0, 0.0, 0.0], [0.02608695652173913, 0.02408695652173913, 0.025478260869565218, 0.0, 0.0, 0.01982608695652174, 0.003217391304347826, 0.0, 0.0, 0.0], [0.019478260869565216, 0.03130434782608696, 0.011130434782608696, 0.01591304347826087, 0.0, 0.00017391304347826088, 0.024, 0.0, 0.0, 0.0], [0.0, 0.034782608695652174, 0.014608695652173913, 0.02408695652173913, 0.0, 0.0, 0.02365217391304348, 0.0017391304347826088, 0.0, 0.0], [0.0, 0.025304347826086957, 0.02617391304347826, 0.019391304347826085, 0.00391304347826087, 0.0, 0.0008695652173913044, 0.02382608695652174, 0.0, 0.0], [0.0, 0.008782608695652174, 0.03852173913043478, 0.002782608695652174, 0.022956521739130435, 0.0, 0.0, 0.023304347826086955, 0.0016521739130434783, 0.0], [0.0, 0.0, 0.025304347826086957, 0.025304347826086957, 0.02591304347826087, 0.0, 0.0, 0.001391304347826087, 0.02382608695652174, 0.0], [0.0, 0.0, 0.025565217391304348, 0.025043478260869566, 0.005826086956521739, 0.018608695652173914, 0.0, 0.0, 0.025043478260869566, 0.001391304347826087], [0.0, 0.0, 0.0017391304347826088, 0.03860869565217391, 0.015391304347826087, 0.02373913043478261, 0.0, 0.0, 0.002260869565217391, 0.022695652173913044], [0.0, 0.0, 0.0, 0.027391304347826086, 0.026695652173913044, 0.014, 0.009565217391304347, 0.0, 0.0, 0.022608695652173914]], "dim": ["excess", "waste_Am"], "mark": [[-2574907.325397825, -2237702.325397825, -1900497.3253978249, -1563292.3253978249, -1226087.3253978249, -888882.3253978249, -551677.3253978249, -214472.32539782487, 122732.67460217513, 459937.67460217513, 797142.6746021751], [89442.4469437142, 94773.28873150886, 100104.13051930352, 105434.97230709819, 110765.81409489283, 116096.6558826875, 121427.49767048216, 126758.33945827681, 132089.18124607147, 137420.02303386613, 142750.8648216608]]}, "bias/fr_start": {"tile": [[0.010782608695652174, 0.01017391304347826, 0.011652173913043478, 0.008434782608695653, 0.009391304347826087, 0.00982608695652174, 0.011043478260869564, 0.01017391304347826, 0.010869565217391304, 0.009391304347826087], [0.010608695652173913, 0.009478260869565217, 0.008608695652173913, 0.008521739130434783, 0.010695652173913044, 0.009304347826086957, 0.010434782608695653, 0.009565217391304347, 0.009565217391304347, 0.009478260869565217], [0.01208695652173913, 0.00982608695652174, 0.010521739130434783, 0.010869565217391304, 0.008347826086956521, 0.00982608695652174, 0.009130434782608696, 0.009652173913043478, 0.011130434782608696, 0.009391304347826087], [0.010695652173913044, 0.010434782608695653, 0.00791304347826087, 0.008434782608695653, 0.009391304347826087, 0.00991304347826087, 0.009652173913043478, 0.010521739130434783, 0.009652173913043478, 0.00991304347826087], [0.010434782608695653, 0.009565217391304347, 0.008, 0.009130434782608696, 0.010434782608695653, 0.01026086956521739, 0.011130434782608696, 0.009043478260869564, 0.011652173913043478, 0.01008695652173913], [0.01017391304347826, 0.010608695652173913, 0.008347826086956521, 0.009565217391304347, 0.010782608695652174, 0.010869565217391304, 0.01008695652173913, 0.00982608695652174, 0.009043478260869564, 0.01026086956521739], [0.01, 0.010869565217391304, 0.009043478260869564, 0.009304347826086957, 0.009739130434782608, 0.009478260869565217, 0.01008695652173913, 0.010434782608695653, 0.010782608695652174, 0.009652173913043478], [0.009478260869565217, 0.009739130434782608, 0.00982608695652174, 0.011043478260869564, 0.00991304347826087, 0.010347826086956521, 0.01017391304347826, 0.011130434782608696, 0.008956521739130434, 0.009565217391304347], [0.00991304347826087, 0.01, 0.01026086956521739, 0.01008695652173913, 0.010869565217391304, 0.01017391304347826, 0.011565217391304347, 0.009043478260869564, 0.010347826086956521, 0.009739130434782608], [0.009478260869565217, 0.011217391304347827, 0.01208695652173913, 0.00991304347826087, 0.007565217391304348, 0.011304347826086957, 0.01, 0.009478260869565217, 0.011565217391304347, 0.011217391304347827]], "dim": ["bias", "fr_start"], "mark": [[-0.09998778402266416, -0.07999182786091011, -0.05999587169915607, -0.03999991553740203, -0.020003959375647987, -8.003213893950645e-06, 0.0199879529478601, 0.03998390910961415, 0.059979865271368185, 0.07997582143312222, 0.09997177759487627], [20.0, 21.9, 23.8, 25.7, 27.6, 29.5, 31.4, 33.3, 35.2, 37.099999999999994, 39.0]]}, "lwr_fr/fr_fr": {"tile": [[0.050782608695652175, 0.0, 0.04747826086956522, 0.0, 0.0, 0.04982608695652174, 0.0, 0.05156521739130435, 0.0, 0.04782608695652174], [0.0, 0.0, 0.0, 0.0, 0.0, 0.0, 0.0, 0.0, 0.0, 0.0], [0.0, 0.0, 0.0, 0.0, 0.0, 0.0, 0.0, 0.0, 0.0, 0.0], [0.04843478260869565, 0.0, 0.05008695652173913, 0.0, 0.0, 0.04643478260869565, 0.0, 0.05026086956521739, 0.0, 0.049304347826086954], [0.0, 0.0, 0.0, 0.0, 0.0, 0.0, 0.0, 0.0, 0.0, 0.0], [0.0, 0.0, 0.0, 0.0, 0.0, 0.0, 0.0, 0.0, 0.0, 0.0], [0.049043478260869564, 0.0, 0.050869565217391305, 0.0, 0.0, 0.05434782608695652, 0.0, 0.04991304347826087, 0.0, 0.049130434782608694], [0.0, 0.0, 0.0, 0.0, 0.0, 0.0, 0.0, 0.0, 0.0, 0.0], [0.0, 0.0, 0.0, 0.0, 0.0, 0.0, 0.0, 0.0, 0.0, 0.0], [0.04843478260869565, 0.0, 0.05460869565217391, 0.0, 0.0, 0.04869565217391304, 0.0, 0.05234782608695652, 0.0, 0.050608695652173914]], "dim": ["lwr_fr", "fr_fr"], "mark": [[1.0, 1.3, 1.6, 1.9, 2.2, 2.5, 2.8, 3.1, 3.4, 3.6999999999999997, 4.0], [10.0, 10.4, 10.8, 11.2, 11.6, 12.0, 12.4, 12.8, 13.2, 13.6, 14.0]]}, "lwr_fr/waste_Np": {"tile": [[0.058608695652173914, 0.06269565217391304, 0.06330434782608696, 0.06234782608695652, 0.0005217391304347826, 0.0, 0.0, 0.0, 0.0, 0.0], [0.0, 0.0, 0.0, 0.0, 0.0, 0.0, 0.0, 0.0, 0.0, 0.0], [0.0, 0.0, 0.0, 0.0, 0.0, 0.0, 0.0, 0.0, 0.0, 0.0], [0.0, 0.0, 8.695652173913044e-05, 0.05208695652173913, 0.05573913043478261, 0.050782608695652175, 0.05408695652173913, 0.03173913043478261, 0.0, 0.0], [0.0, 0.0, 0.0, 0.0, 0.0, 0.0, 0.0, 0.0, 0.0, 0.0], [0.0, 0.0, 0.0, 0.0, 0.0, 0.0, 0.0, 0.0, 0.0, 0.0], [0.0, 0.0, 0.0, 0.0, 0.03608695652173913, 0.051130434782608696, 0.049652173913043475, 0.05521739130434783, 0.05504347826086956, 0.0061739130434782605], [0.0, 0.0, 0.0, 0.0, 0.0, 0.0, 0.0, 0.0, 0.0, 0.0], [0.0, 0.0, 0.0, 0.0, 0.0, 0.0, 0.0, 0.0, 0.0, 0.0], [0.0, 0.0, 0.0, 0.0, 0.0006956521739130435, 0.050434782608695654, 0.050434782608695654, 0.050695652173913044, 0.049478260869565215, 0.05295652173913044]], "dim": ["lwr_fr", "waste_Np"], "mark": [[1.0, 1.3, 1.6, 1.9, 2.2, 2.5, 2.8, 3.1, 3.4, 3.6999999999999997, 4.0], [126532.47266312475, 133743.73961798323, 140955.00657284172, 148166.27352770022, 155377.5404825587, 162588.80743741718, 169800.07439227565, 177011.34134713415, 184222.60830199264, 191433.87525685114, 198645.1422117096]]}, "sfr_eff/fr_fr": {"tile": [[0.06347826086956522, 0.0, 0.0668695652173913, 0.0, 0.0, 0.06921739130434783, 0.0, 0.07, 0.0, 0.06556521739130435], [0.0, 0.0, 0.0, 0.0, 0.0, 0.0, 0.0, 0.0, 0.0, 0.0], [0.0, 0.0, 0.0, 0.0, 0.0, 0.0, 0.0, 0.0, 0.0, 0.0], [0.0, 0.0, 0.0, 0.0, 0.0, 0.0, 0.0, 0.0, 0.0, 0.0], [0.0, 0.0, 0.0, 0.0, 0.0, 0.0, 0.0, 0.0, 0.0, 0.0], [0.0, 0.0, 0.0, 0.0, 0.0, 0.0, 0.0, 0.0, 0.0, 0.0], [0.0, 0.0, 0.0, 0.0, 0.0, 0.0, 0.0, 0.0, 0.0, 0.0], [0.0, 0.0, 0.0, 0.0, 0.0, 0.0, 0.0, 0.0, 0.0, 0.0], [0.0, 0.0, 0.0, 0.0, 0.0, 0.0, 0.0, 0.0, 0.0, 0.0], [0.13321739130434782, 0.0, 0.13617391304347826, 0.0, 0.0, 0.13008695652173913, 0.0, 0.13408695652173913, 0.0, 0.13130434782608696]], "dim": ["sfr_eff", "fr_fr"], "mark": [[0.9, 0.9099, 0.9198000000000001, 0.9297, 0.9396, 0.9495, 0.9594, 0.9693, 0.9792, 0.9891, 0.999], [10.0, 10.4, 10.8, 11.2, 11.6, 12.0, 12.4, 12.8, 13.2, 13.6, 14.0]]}, "max_excess/waste_Cm": {"tile": [[0.058608695652173914, 0.06269565217391304, 0.06304347826086956, 0.05808695652173913, 0.09252173913043478, 0.15234782608695652, 0.13330434782608697, 0.10591304347826087, 0.04660869565217391, 0.0], [0.0, 0.0, 0.00034782608695652176, 0.009391304347826087, 0.0, 0.0, 0.008695652173913044, 0.0, 0.013217391304347827, 0.000608695652173913], [0.0, 0.0, 0.0, 0.007391304347826087, 0.0, 0.0, 0.005304347826086957, 0.0, 0.006869565217391304, 0.00608695652173913], [0.0, 0.0, 0.0, 0.0052173913043478265, 0.0, 0.0, 0.005565217391304348, 0.001391304347826087, 0.006260869565217392, 0.009391304347826087], [0.0, 0.0, 0.0, 0.0046956521739130435, 0.0, 0.0, 0.0013043478260869566, 0.0033043478260869567, 0.007739130434782609, 0.00782608695652174], [0.0, 0.0, 0.0, 0.008434782608695653, 0.0, 0.0, 0.0, 0.006956521739130435, 0.00608695652173913, 0.004956521739130435], [0.0, 0.0, 0.0, 0.006782608695652174, 0.0, 0.0, 0.0, 0.0052173913043478265, 0.00591304347826087, 0.006956521739130435], [0.0, 0.0, 0.0, 0.007304347826086957, 0.0, 0.0, 0.0, 0.005739130434782609, 0.006434782608695652, 0.007304347826086957], [0.0, 0.0, 0.0, 0.005391304347826087, 0.00034782608695652176, 0.0, 0.0, 0.0076521739130434785, 0.004869565217391304, 0.008608695652173913], [0.0, 0.0, 0.0, 0.0017391304347826088, 0.00017391304347826088, 0.0, 0.0, 0.0014782608695652175, 0.0005217391304347826, 0.007391304347826087]], "dim": ["max_excess", "waste_Cm"], "mark": [[0.0, 1586.733963736065, 3173.46792747213, 4760.201891208195, 6346.93585494426, 7933.669818680326, 9520.40378241639, 11107.137746152455, 12693.87170988852, 14280.605673624586, 15867.339637360652], [24665.399981882754, 26071.116475634324, 27476.832969385898, 28882.549463137468, 30288.265956889038, 31693.982450640608, 33099.69894439218, 34505.415438143755, 35911.131931895325, 37316.848425646895, 38722.564919398465]]}, "waste_U/waste_Np": {"tile": [[0.014869565217391304, 0.0, 0.0, 0.0, 0.0, 0.0, 0.0, 0.0, 0.0, 0.0], [0.04373913043478261, 0.030956521739130435, 0.0, 0.0, 0.0, 0.0, 0.0, 0.0, 0.0, 0.0], [0.0, 0.03173913043478261, 0.03808695652173913, 0.0, 0.0, 0.0, 0.0, 0.0, 0.0, 0.0], [0.0, 0.0, 0.025304347826086957, 0.07704347826086956, 0.0, 0.0, 0.0, 0.0, 0.0, 0.0], [0.0, 0.0, 0.0, 0.03739130434782609, 0.05956521739130435, 0.0014782608695652175, 0.0, 0.0, 0.0, 0.0], [0.0, 0.0, 0.0, 0.0, 0.033478260869565214, 0.12530434782608696, 0.002782608695652174, 0.0, 0.0, 0.0], [0.0, 0.0, 0.0, 0.0, 0.0, 0.025565217391304348, 0.14165217391304347, 0.0076521739130434785, 0.0, 0.0], [0.0, 0.0, 0.0, 0.0, 0.0, 0.0, 0.009739130434782608, 0.12669565217391304, 0.011043478260869564, 0.0], [0.0, 0.0, 0.0, 0.0, 0.0, 0.0, 0.0, 0.0033043478260869567, 0.09208695652173914, 0.02191304347826087], [0.0, 0.0, 0.0, 0.0, 0.0, 0.0, 0.0, 0.0, 0.001391304347826087, 0.03721739130434783]], "dim": ["waste_U", "waste_Np"], "mark": [[1345429701.3924205, 1442847661.3942056, 1540265621.3959904, 1637683581.3977754, 1735101541.3995605, 1832519501.4013453, 1929937461.4031303, 2027355421.4049153, 2124773381.4067001, 2222191341.4084854, 2319609301.41027], [126532.47266312475, 133743.73961798323, 140955.00657284172, 148166.27352770022, 155377.5404825587, 162588.80743741718, 169800.07439227565, 177011.34134713415, 184222.60830199264, 191433.87525685114, 198645.1422117096]]}, "sfr_eff/waste_Pu": {"tile": [[0.0, 0.010869565217391304, 0.09069565217391304, 0.04208695652173913, 0.03582608695652174, 0.03878260869565217, 0.06426086956521739, 0.02408695652173913, 0.013043478260869565, 0.015478260869565217], [0.0, 0.0, 0.0, 0.0, 0.0, 0.0, 0.0, 0.0, 0.0, 0.0], [0.0, 0.0, 0.0, 0.0, 0.0, 0.0, 0.0, 0.0, 0.0, 0.0], [0.0, 0.0, 0.0, 0.0, 0.0, 0.0, 0.0, 0.0, 0.0, 0.0], [0.0, 0.0, 0.0, 0.0, 0.0, 0.0, 0.0, 0.0, 0.0, 0.0], [0.0, 0.0, 0.0, 0.0, 0.0, 0.0, 0.0, 0.0, 0.0, 0.0], [0.0, 0.0, 0.0, 0.0, 0.0, 0.0, 0.0, 0.0, 0.0, 0.0], [0.0, 0.0, 0.0, 0.0, 0.0, 0.0, 0.0, 0.0, 0.0, 0.0], [0.0, 0.0, 0.0, 0.0, 0.0, 0.0, 0.0, 0.0, 0.0, 0.0], [0.4419130434782609, 0.0, 0.09956521739130435, 0.12339130434782608, 0.0, 0.0, 0.0, 0.0, 0.0, 0.0]], "dim": ["sfr_eff", "waste_Pu"], "mark": [[0.9, 0.9099, 0.9198000000000001, 0.9297, 0.9396, 0.9495, 0.9594, 0.9693, 0.9792, 0.9891, 0.999], [5283.724347410321, 118985.72190806734, 232687.71946872436, 346389.71702938137, 460091.7145900384, 573793.7121506955, 687495.7097113525, 801197.7072720096, 914899.7048326666, 1028601.7023933235, 1142303.6999539805]]}, "uox_eff/waste_Am": {"tile": [[0.02817391304347826, 0.04373913043478261, 0.06330434782608696, 0.057043478260869564, 0.03226086956521739, 0.03756521739130435, 0.018782608695652174, 0.017565217391304348, 0.017565217391304348, 0.017130434782608697], [0.0, 0.0, 0.0, 0.0, 0.0, 0.0, 0.0, 0.0, 0.0, 0.0], [0.0, 0.0, 0.0, 0.0, 0.0, 0.0, 0.0, 0.0, 0.0, 0.0], [0.0, 0.0, 0.0, 0.0, 0.0, 0.0, 0.0, 0.0, 0.0, 0.0], [0.0, 0.0, 0.0, 0.0, 0.0, 0.0, 0.0, 0.0, 0.0, 0.0], [0.0, 0.0, 0.0, 0.0, 0.0, 0.0, 0.0, 0.0, 0.0, 0.0], [0.0, 0.0, 0.0, 0.0, 0.0, 0.0, 0.0, 0.0, 0.0, 0.0], [0.0, 0.0, 0.0, 0.0, 0.0, 0.0, 0.0, 0.0, 0.0, 0.0], [0.0, 0.0, 0.0, 0.0, 0.0, 0.0, 0.0, 0.0, 0.0, 0.0], [0.05678260869565217, 0.08739130434782609, 0.128, 0.12147826086956522, 0.06852173913043479, 0.06469565217391304, 0.042521739130434784, 0.03269565217391304, 0.035217391304347825, 0.029565217391304348]], "dim": ["uox_eff", "waste_Am"], "mark": [[0.9, 0.9099, 0.9198000000000001, 0.9297, 0.9396, 0.9495, 0.9594, 0.9693, 0.9792, 0.9891, 0.999], [89442.4469437142, 94773.28873150886, 100104.13051930352, 105434.97230709819, 110765.81409489283, 116096.6558826875, 121427.49767048216, 126758.33945827681, 132089.18124607147, 137420.02303386613, 142750.8648216608]]}, "lwr_fr/excess": {"tile": [[0.026, 0.023043478260869565, 0.02417391304347826, 0.025391304347826087, 0.024695652173913042, 0.024956521739130436, 0.025217391304347827, 0.026434782608695653, 0.024956521739130436, 0.022608695652173914], [0.0, 0.0, 0.0, 0.0, 0.0, 0.0, 0.0, 0.0, 0.0, 0.0], [0.0, 